	8      	
       	9
        11
        13
        10
        11
        12
        13
        12
        13
        14
        15
        123
        133
        143
        153
        0
        1
        2
        5
        32
        24
        36
        28
        5
        6
        7
        8
        6
        9
        12
        15
        1/6
        1/8
        1/10
        1/12
        10
        11
        12
        13
        26
        22
        20
        18
        25
        27
        30
        32
        14
        13
        12
        11
        26 24
        24 22
        22 20
        20 18
        D4
        E4
        C5
        A6
        6
        7
        8
        9
        8
        10
        6
        7
        6
        5
        3
        4
        1
        3
        4
        2
        8
        10
        9
        7
        9
        11
        13
        15
      	9x + 10
	16x + 31
	14x + 28
	7x + 12
      	4y(x - 2)
	4(xy - 2y)
	4x(y - 2y)
	4xy(1 - 2)
	15 cent
	17 cent
	19 cent
	21 cent
      	€270
	€25925
	€35075
	€26975
      	1600 kg
	160 kg
	16 kg
	16 kg
      	2
      	4
      	1
      	3
      	4
      	7
      	3
      	8
      	9
      	2
      	7
      	6
      	16
      	15
      	19
      	17
      	4
      	5
      	6
      	7
      	2
      	3
      	4
      	5
      	7 
      	8
      	9
      	10
     	5
      	6
      	7
      	8
      	13
      	14
      	15
      	16
      	7
      	8
      	9
      	10
      	6
      	7
      	8
      	9
      	7
      	8
      	9
      	10
      	20
	21
	22
	23
	12
	13
	14
	15